All times in ms

Blocking:
q = p = 2, n = 100:
	1) 1002
	2) 1043
	3) 1002
	4) 1005
	5) 1042
	6) 996
	7) 1010
	8) 993
	9) 1019
	10) 1011

q = p = 4, n = 100:
	1) 1033
	2) 1023
	3) 1017
	4) 1030
	5) 1034
	6) 1030
	7) 1036
	8) 1059
	9) 1025
	10) 1018

q = p = 8, n = 100
	1) 1013
	2) 1029
	3) 1019
	4) 1039
	5) 1014
	6) 1004
	7) 1027
	8) 1026
	9) 1022
	10) 1027

q = p = 16, n = 100
	1) 1026
	2) 1045
	3) 1029
	4) 1044
	5) 1055
	6) 1011
	7) 1045
	8) 1023
	9) 1024
	10) 1022

LockFree:
q = p = 2, n = 100:
	1) 1004
	2) 956
	3) 987
	4) 976
	5) 1027
	6) 1029
	7) 1054
	8) 1045
	9) 1031
	10) 1013


q = p = 4, n = 100:
	1) 998
	2) 1003
	3) 1013
	4) 1000
	5) 1018
	6) 1027
	7) 1021
	8) 983
	9) 1021
	10) 1027

q = p = 8, n = 100
	1) 1050
	2) 1016
	3) 1037
	4) 1025
	5) 1031
	6) 1035
	7) 1023
	8) 1044
	9) 1044
	10) 1021
	
q = p = 16, n = 100
	1) 1033
	2) 1040
	3) 1009
	4) 1014
	5) 1021
	6) 1019
	7) 1048
	8) 1001
	9) 1002
	10) 1022
